
l2_arpnat_tree34

samples = 250
average = 44.4696
min = 16.4
stand dev = 6.66855
max = 125

l2_tree34

samples = 250
average = 38.8544
min = 16.9
stand dev = 6.23333
max = 128

l2_linear20

samples = 250
average = 90.756
min = 43.0
stand dev = 9.52659
max = 365


l2_arpnat_linear20

samples = 250
average = 93.4124
min = 42.0
stand dev = 9.66501
max = 280


