
l2_arpnat_tree34

samples = 250
average = 44.4696
min = 16.4
stand dev = 6.66855
max = 125

l2_tree34

samples = 250
average = 38.8544
min = 16.9
stand dev = 6.23333
max = 128

